0,11.369027578429133
1,7.571344019377185
2,8.151140106970894
3,9.925636137070963
4,5.38921392860144
5,8.476938882988007
6,5.444581058915503
7,6.318411869786797
8,9.733078156068267
9,10.287547657070563
10,6.458078587358607
11,5.186012546717485
12,8.695146827313891
13,5.485288455268589
14,7.958408778102526
15,20.390918115974415
16,16.489839972894085
17,9.068844775959253
18,13.571604549068205
19,10.254103186453738
20,8.663952361422352
21,5.71596542291081
22,5.398471327271306
23,3.4428070262817543
24,44.73205512175205
25,4.721711717067201
26,23.737414597373416
27,6.287432434869831
28,4.380644405709017
29,5.046537764404196
30,5.187091469546809
31,8.175142232813732
32,3.986644675892878
33,11.073034063387023
34,8.867395802288069
35,18.114790786128427
36,9.99548168178789
37,8.066702601043348
38,10.51032748270572
39,13.0308282712619
40,8.439941840441076
41,10.402558066036235
42,13.542324738720623
43,9.961734222828039
44,5.430465961303135
45,8.652842091499899
46,8.695777661519031
47,6.352748126682986
48,7.519668759223538
49,7.754329454120434
50,17.405507555176932
51,5.516834382172559
52,10.215559841906144
53,5.637712602168706
54,7.165292550351288
55,15.743361651265127
56,14.742279455708259
57,32.36133138448396
58,4.011697909042505
59,15.827409943520232
60,7.678353519514435
61,11.057751621203304
62,6.209466015154894
63,6.911910684048805
64,6.05206250013493
65,5.294309383492531
66,14.938074771048415
67,9.630604490893399
68,9.322601502839193
69,8.91975110991506
70,3.93618316755661
71,10.128654103033346
72,7.896282794639962
73,3.876647148333299
74,7.84193893297643
75,5.948374786807286
76,6.972947590867097
77,7.5784633442213964
78,5.3941980687459194
79,6.27184839593899
80,6.089459723844331
81,4.034605905634836
82,5.1358531772009
83,5.996272774588378
84,5.485235682346113
85,11.933681938335793
86,6.792235328176413
87,7.305923914213848
88,9.520236812070664
89,7.6358404519422525
90,19.81193740893649
91,5.8499768481283825
92,10.436541359738719
93,3.617754776329413
94,3.2668644748693607
95,16.334479954330316
96,4.237413959777474
97,6.9553504560334485
98,4.43569495251921
99,5.837285715615973
100,5.06586355814982
101,7.349868911646289
102,11.81708319601125
103,4.218748058687082
104,15.162801235941506
105,4.566807161917653
106,7.170316570082875
107,5.7626091916067566
108,3.552569841454877
109,6.304838103767957
110,4.472793005010092
111,6.53536502776011
112,9.24437086089895
113,5.5949043214901
114,5.919305702503633
115,6.854643095977184
116,7.690885338637189
117,10.059758965996942
118,10.708766788110553
119,4.172013618428442
120,6.233804119545481
121,11.809264254327774
122,5.969214733728978
123,3.3522099650610366
124,14.247297872560381
125,11.141799658109484
126,9.11560309186412
127,22.543789346558277
128,5.33423724081739
129,10.642418804607491
130,8.41222335329337
131,8.339959927960242
132,7.38973580366747
133,7.474050770315806
134,9.422648864669686
135,3.3605792310273417
136,5.313706756394306
137,3.359428691677566
138,3.6179101472007793
139,11.33353664165552
140,10.023124627383622
141,7.510457716067197
142,4.142453079816745
143,6.785976188420055
144,10.385599232487033
145,7.486783362171225
146,9.290279221072874
147,12.794529578611437
148,4.478903422894588
149,6.593790690337957
150,4.02804504069178
151,11.48021046872587
152,7.781192648304346
153,5.001304491232804
154,6.04859513679603
155,11.331812872457416
156,7.701632847893059
157,9.794137952850663
158,7.85313214737128
159,7.498013363840453
160,8.92172538365772
161,3.635655961579012
162,3.9062879412233507
163,4.6752271706359805
164,40.61228393096345
165,6.447666824765294
166,7.646454304855076
167,5.435658035098051
168,5.584302328698731
169,3.6839552719148325
170,4.045821765658001
171,8.065707327265445
172,43.22840549316354
173,4.446685075531468
174,6.153697058016333
175,3.4994828252588404
176,8.520419511096087
177,7.62808687008061
178,9.85087375209901
179,7.627149800694421
180,27.91898776944863
181,4.927542283609908
182,4.526089080261222
183,4.879412414347389
184,6.896622524608812
185,6.939673266421085
186,5.71112188398806
187,7.365734536673347
188,7.322165286923825
189,4.41928567355036
190,8.722189408209726
191,3.0061700660446355
192,5.597737210758854
193,6.391212347557419
194,5.91445280968125
195,6.161215834482965
196,5.931113234663019
197,4.030536741427775
198,5.184689228974095
199,9.715327499101459
200,12.261649295923366
201,6.462216717158861
202,11.071715812381658
203,9.989212443428341
204,19.634141278101353
205,13.225218751019995
206,8.115027615079605
207,3.9968479445253404
208,11.740738180262772
209,5.695721591341305
210,55.94202818447053
211,4.816107891031079
212,6.671691726867374
213,5.777938995988375
214,5.64408527275653
215,6.108376958445533
216,12.261019798562955
217,11.863359617861116
218,4.957885311337207
219,3.587885931457303
220,13.303265568936876
221,11.765138684338948
222,4.9269291584176
223,14.328541674219379
224,6.002622398186321
225,5.978798357876673
226,4.128162806847853
227,14.2196095880964
228,4.270287891698638
229,6.734070102043277
230,6.280790949488693
231,17.12539194323602
232,9.337483160645226
233,7.702188948365671
234,6.675681082655052
235,3.231252803645595
236,18.45405002431184
237,10.214710594880392
238,8.758140235022253
239,6.421833335975325
240,5.332980377431615
241,10.004004621799238
242,10.449721259077016
243,18.029388595081524
244,7.090991618535311
245,4.681976653697285
246,8.45896861177216
247,4.646682752930736
248,7.08643261625278
249,7.495265475482945
250,18.047900854952392
251,17.354154912767157
252,5.873355795058478
253,7.045977579658181
254,4.1052497978041975
255,4.218129866504662
256,7.927568761916254
257,15.203897851071666
258,9.189595288063753
259,8.016370866482799
260,6.047061755793538
261,7.218378192724249
262,4.926840618028901
263,7.831258188481261
264,12.292868590599806
265,6.054844399674999
266,7.28059713428756
267,7.411636163466813
268,8.608699203093447
269,5.356600052207995
270,4.122419311603851
271,3.138415537122776
272,5.789046867844111
273,4.401897365223135
274,3.885120295313514
275,5.069656208267571
276,6.963874955388669
277,5.729119639510755
278,8.959617729066998
279,4.139475375027795
280,6.795997003561471
281,12.191004084505915
282,6.248845982959348
283,3.597936734584434
284,7.592570253392991
285,5.473092153188773
286,7.854710007454349
287,11.054671206912191
288,13.598022793745752
289,5.642060138875874
290,35.74180045134249
291,8.801535371664205
292,17.501818994116196
293,5.54932127849299
294,12.796256902304698
295,7.070646838158669
296,20.54307504209243
297,5.723943486480361
298,5.3719774379774226
299,11.759554413541007
300,4.460583391630113
301,4.826257000927415
302,8.405114342325877
303,5.636077081764859
304,41.6455901205498
305,5.465424779442609
306,5.411505448950589
307,4.5476119102405885
308,4.315115736747913
309,6.187637479885068
310,8.23513998804304
311,4.827395764203179
312,12.308245408444261
313,8.098027286846657
314,4.447737603371995
315,8.79690637483746
316,10.016565762397514
317,7.759130648609359
318,13.385087792463215
319,10.535709905777232
320,8.11315254529411
321,6.258313872977232
322,7.991295516304685
323,9.598630575585466
324,7.262503573437884
325,5.03902872489899
326,5.877694541238168
327,29.820240567871547
328,4.253882747214897
329,5.92810614420655
330,15.291520240935974
331,13.167869044200124
332,4.415199962850474
333,13.688764876298974
334,6.766735768752384
335,11.219121045801472
336,11.525867785936859
337,8.901455041463409
338,6.797584703258448
339,8.473878733924037
340,5.884351731555977
341,11.552012333599007
342,8.691898580319261
343,36.31941288154879
344,5.08519204538327
345,4.281157975985738
346,21.146621873303452
347,4.808712900809408
348,6.212540386317286
349,4.801601495584409
350,6.0223062875939455
351,6.420360978394866
352,4.780096122672732
353,10.765204290500359
354,3.717329223119945
355,4.67862886799003
356,4.1865296968049535
357,5.959774978731525
358,8.545766497951826
359,5.639595595927937
360,23.388974978549612
361,4.127486811960677
362,6.176471580990677
363,4.677449934794983
364,3.7460294504548566
365,4.151065476092478
366,11.533378010970045
367,8.808138002108887
368,8.862833755320965
369,5.023277297947179
370,8.862941983524314
371,9.466250128909966
372,4.529395519773428
373,6.174527921747956
374,14.527047986739191
375,11.035006889306109
376,7.326182751600367
377,3.597844912609035
378,3.767488161524939
379,8.969380560596523
380,9.466285420450516
381,4.571564196641924
382,6.3426526154681415
383,5.335403837097598
384,5.658184931517601
385,4.411840055155299
386,6.113416119632751
387,10.63138033365083
388,5.9597557832691805
389,5.962865384506411
390,3.357290258395339
391,5.211440626345193
392,6.339181970023553
393,5.504549352824844
394,4.338548917501529
395,9.163303920654963
396,6.332894512394593
397,4.518747217310256
398,5.1470000817905595
399,9.676186997939178
400,6.841518436846921
401,12.246961787795875
402,4.266781346385274
403,9.268186247264984
404,9.494979850734186
405,4.284003902946078
406,22.54078080478866
407,5.540059715594653
408,8.368124593751212
409,7.2115984687543
410,19.531165017793725
411,10.52916340527824
412,7.57215668922395
413,11.592233125296069
414,5.608453392787108
415,13.0357545397004
416,4.0517191043291785
417,6.661675029570601
418,6.966275188191276
419,6.238767582654311
420,7.00930351873498
421,4.599432355058896
422,16.57639412050905
423,7.532405545774876
424,10.643658121142515
425,5.971782482732922
426,11.364589062678048
427,4.750446130316163
428,6.311419063161108
429,6.604565534926296
430,13.498176908481398
431,5.7266551556984275
432,5.998151815970195
433,7.187675774129983
434,6.122354021741195
435,18.35246361632995
436,6.7964629767488915
437,6.591313425497941
438,5.505009483304075
439,12.079148290604817
440,12.067547667475713
441,5.583749290830829
442,4.227166336754362
443,12.362571310137675
444,90.31884698690622
445,6.562238660149065
446,33.54341018842497
447,6.714237119483121
448,6.8663769781438075
449,9.980648302684887
450,7.311660861083284
451,11.245264481661982
452,5.791917122502635
453,12.199633011270569
454,9.291424994010832
455,3.8193803861303732
456,5.80206791789952
457,20.569597807401447
458,10.35768221301421
459,4.164963911266203
460,14.358121378660332
461,7.074344685078531
462,7.116728180699915
463,6.61486052546814
464,6.464770525438149
465,9.636084712277396
466,3.464618271644753
467,16.77850876607377
468,8.166485559098401
469,6.19007532403928
470,10.508138463675582
471,8.152025855303934
472,4.74371133076653
473,6.911934429066869
474,4.4186265478483895
475,6.961092861225023
476,4.357866900940912
477,7.040691202594793
478,4.0251071368381925
479,7.198509895271926
480,4.038042148451068
481,7.973674691217344
482,7.0222946340490715
483,7.617955124894535
484,14.647249585239418
485,13.239609575107462
486,12.902197119715716
487,6.714141436276171
488,49.65699986780479
489,5.68189336860233
490,14.433378417659757
491,6.749149013665193
492,7.125044236921637
493,4.413056476432502
494,33.0206680808578
495,12.943385313848168
496,7.6347980627592555
497,6.892156129211536
498,3.2697063035100853
499,4.096821325246153
500,3.9297334052128226
501,10.857926600953906
502,11.177266876596567
503,4.602744842343505
504,6.631066704233661
505,5.900370985350109
506,4.390465884407737
507,6.588159717462143
508,10.480794879193109
509,5.503494528027372
510,10.017119878227302
511,9.174636982930915
512,30.306946706481646
513,3.768214857780953
514,98.16159598784459
515,4.857866763377006
516,7.324159757726634
517,14.452714277890937
518,4.506910268913957
519,24.79859908561635
520,11.44355242250551
521,29.663345472634344
522,14.214035530823608
523,3.582106941460903
524,3.505150507479399
525,58.29384009908426
526,3.4995731845850466
527,6.910917223595388
528,8.633615914281368
529,7.491343912549282
530,5.733505589097535
531,7.584882691290459
532,7.012555658537085
533,5.211167069497847
534,8.759714430181289
535,5.106969163853556
536,3.9831817019878533
537,5.431408574523476
538,21.4052510060144
539,3.4830967996635556
540,5.2747611285439
541,13.87777732713358
542,4.358081268501204
543,3.7346264063279837
544,10.649688302103266
545,7.492005962362484
546,9.316502078389863
547,12.392820669732583
548,7.2245126155883845
549,3.931403155940305
550,14.643323639672168
551,5.787328754044648
552,7.7499424727184945
553,4.935130167133265
554,25.236015369478576
555,8.249309739292093
556,5.518755949831242
557,5.216822294188029
558,5.735946543068787
559,7.095443757198983
560,6.796824450693688
561,3.6394161214163594
562,5.107673678038115
563,7.114284701132733
564,3.8187015251271923
565,4.927461995562604
566,4.754519980595838
567,4.128140543908067
568,5.535594844663706
569,7.086749027029211
570,4.02649402118133
571,5.437567678668662
572,10.987610978632777
573,3.9794530787679423
574,5.623677426981526
575,7.107015857553341
576,7.664876504102518
577,4.292094384023652
578,7.620375291356066
579,7.616957997183907
580,5.086410258592019
581,5.5630389562872695
582,7.631832798309659
583,5.318920276053749
584,4.757180307077573
585,6.49428411488653
586,4.9736259603932
587,13.553518580349003
588,4.140442672868052
589,21.007074481374968
590,34.884121165243336
591,21.71385413776186
592,6.056927487089641
593,7.587292426177885
594,10.457106019272794
595,6.8608510995488725
596,12.485198036615836
597,5.679987097647851
598,29.804049441257384
599,4.793503237091725
600,7.093446690570531
601,3.2125956770395128
602,6.908875177645265
603,5.759973314327302
604,13.754808266864101
605,91.65361536170377
606,6.303018865457565
607,4.5059339485423
608,8.65407540451005
609,5.986652991965919
610,5.5684443270771125
611,7.4987725098340245
612,4.521358027609958
613,4.732531002016697
614,4.27405649079004
615,3.8455432243794676
616,8.613395900958837
617,4.410463863513936
618,6.2875113273260945
619,6.128801114929705
620,6.550972511217335
621,7.647398519829414
622,6.243941325301988
623,5.846395249593175
624,7.320679751483463
625,5.507247772948326
626,7.104981910710225
627,6.9115804540844366
628,6.343043106372577
629,4.112342556243766
630,7.982795590752493
631,6.226138350115012
632,24.68089810038789
633,6.658351481432057
634,18.484358318665343
635,4.122851659549236
636,4.172355485384865
637,8.154787733716311
638,15.280361613384969
639,9.10131657438011
640,8.375664912164746
641,10.344328247862418
642,5.911290594530474
643,5.38274363900944
644,6.362113243633077
645,18.397885858078066
646,5.618014471652165
647,8.56042477509174
648,5.678456988707445
649,3.511429863354026
650,9.269011935930804
651,4.589606701634597
652,16.506955424480655
653,5.860932624124996
654,5.89591974238151
655,15.81633651449098
656,6.557640607118016
657,68.85643810714359
658,4.9764684989689
659,3.4519641314857714
660,6.344945142428812
661,7.185142902426682
662,7.112699421498235
663,10.411029755295344
664,9.428103088462684
665,5.862350332465509
666,6.792633303576253
667,7.215335239457708
668,10.026277886733771
669,3.975191455126092
670,6.351412351868864
671,5.310757763976013
672,11.868192585911597
673,6.1174157750267435
674,4.0218914688483265
675,4.33557594027228
676,5.542365610721996
677,4.478888512526323
678,13.277229726578422
679,37.23945785346231
680,7.0548013948371855
681,4.048698394203777
682,8.183111599917153
683,4.975727624533013
684,7.153054808399185
685,4.246777751615867
686,5.276451207639059
687,6.932346086725013
688,97.81763429281159
689,18.666000424544404
690,5.07976076086917
691,4.004331368624942
692,3.275010348132611
693,7.2813120956156485
694,4.718633960879575
695,11.721264536018856
696,4.591762171379749
697,14.687169795239134
698,10.32565611298277
699,4.596851565813195
700,4.629203972381601
701,10.133728431620174
702,36.74521401911405
703,5.575437327995622
704,8.959445978448528
705,6.95887918631772
706,7.4052284579369445
707,4.723287591224232
708,7.56695218003787
709,11.263752422049727
710,3.649227536468663
711,6.81966563231371
712,64.701029390174
713,8.737224722357741
714,10.686607660870745
715,10.124012104027537
716,9.905077189960924
717,17.699889771155302
718,5.6389944656802715
719,7.557031277202885
720,9.146861158704013
721,4.8957365564259385
722,6.077588786107801
723,6.212775570827617
724,9.579603525663542
725,7.955093862902467
726,6.513796186942042
727,3.82656390569043
728,7.561888594730293
729,5.94696572263614
730,4.655879887268801
731,15.322585385216794
732,10.552141253924994
733,3.9175975037781257
734,10.195210981635542
735,11.599588915678128
736,6.872343752156277
737,12.026364257150433
738,5.3626549919146305
739,6.97952382474304
740,18.384519671044398
741,7.701987520206549
742,13.717263366017368
743,5.824991495571343
744,5.4895218017846945
745,5.6399784216727635
746,4.742590264055588
747,9.990244679424093
748,46.35897809550659
749,5.87075420420394
750,4.658968624096147
751,4.943974991135847
752,7.060556685514423
753,6.177561304003213
754,6.687907334131235
755,4.4300275783555065
756,5.387468650957634
757,3.8999968471159168
758,6.718959033773042
759,6.885368121485006
760,7.180442866165037
761,6.240894484656547
762,5.471394384020061
763,6.302483466930678
764,8.041245891305232
765,4.654468574128669
766,3.966587141202858
767,5.380355082890735
768,98.05463848523641
769,4.6968542425738455
770,12.415978228857954
771,5.09438925044451
772,4.1016864060072615
773,14.339882705177892
774,7.044332171441929
775,7.122341074133665
776,5.540759673417902
777,5.359557956445764
778,3.7284219460683623
779,8.418660874482674
780,6.218071409451376
781,5.459098772424912
782,6.522848529332393
783,5.819808135134323
784,8.142223726816365
785,4.962025600080935
786,5.382951687499643
787,11.219432159168523
788,14.075822824963142
789,4.587319069239369
790,8.333696699028915
791,10.485354227259412
792,11.40013728020105
793,11.785472830621993
794,4.146793081587611
795,5.338394728822105
796,11.13677303129839
797,6.48354412178313
798,24.308826578870196
799,7.153954285153626
800,10.421325848052868
801,6.259649961252147
802,4.983665419971546
803,23.12133282651717
804,3.746724250834646
805,5.064969777033268
806,4.500536554888591
807,11.96202720195958
808,4.330624456507222
809,22.475826773283796
810,6.84213844214232
811,29.097019683638287
812,8.512373248655578
813,9.447395253641636
814,4.7189511659003305
815,4.765345126780006
816,6.597964992242172
817,4.882686346497586
818,8.264975531885808
819,5.500433518690431
820,10.590617896252414
821,11.009571455321112
822,5.868745749541303
823,11.334077849904006
824,3.0312401310060495
825,4.502381645475758
826,5.217607268634208
827,6.958585332470179
828,4.2422118754530995
829,8.034426233853699
830,8.425294417279813
831,5.041367391223381
832,5.128505860472958
833,7.64349579295267
834,5.151432176023423
835,7.4712140004583105
836,7.980470080960791
837,8.748230684883417
838,5.485952256393971
839,10.166181762674164
840,4.920642670382026
841,98.14301416644763
842,13.546413697669363
843,6.211126566191692
844,7.295440739117458
845,5.065214748016144
846,93.6580576555209
847,8.364504532257104
848,5.16849241900097
849,5.747428571781582
850,30.55025384089712
851,19.902032274093628
852,5.888659298789068
853,11.82178939155822
854,9.327348798834125
855,6.763864495960933
856,15.577439612086211
857,5.97200860522302
858,4.89635597479929
859,10.064724052926946
860,11.838248453078625
861,5.461763412809186
862,20.63831091978871
863,5.251612060825109
864,12.048628746240087
865,4.056610034902308
866,9.782428090735008
867,36.95406928463112
868,11.86509315710865
869,8.603280879781895
870,6.551211833099658
871,4.08051938098254
872,9.333395808948584
873,79.38817488145695
874,7.484984469454551
875,6.9322716726992715
876,15.057186630477034
877,10.55440755925001
878,6.280894187010922
879,14.776275854192097
880,3.8138655117946665
881,4.512431587454147
882,8.821280925468393
883,4.272385666456825
884,9.898280658403085
885,5.192714170012039
886,5.530330674925095
887,6.5451431080915325
888,5.640051329153942
889,14.27434560381696
890,6.226287495290658
891,5.328974965489876
892,8.43432207530443
893,6.038524250663534
894,16.464796174608637
895,6.591166589145839
896,7.193553794665304
897,98.34108386834643
898,5.023305547414694
899,10.231372621347965
900,5.9432327397668
901,5.431446011510568
902,4.147433099347935
903,40.90358106877441
904,5.091752699418555
905,98.91341802670958
906,7.879258401152287
907,9.331409900201349
908,8.576711209989693
909,8.877446866088551
910,5.338817056926916
911,4.260180796449138
912,22.503415804346524
913,7.277984259056251
914,7.3017536764796915
915,4.573629972130169
916,11.45659137156843
917,7.158133797270851
918,5.589448939731214
919,6.736327699520918
920,98.02980570873419
921,4.4425981081844625
922,5.319178542803577
923,10.248023087800712
924,10.822370199292392
925,4.174548336741522
926,11.317333633606193
927,8.78121176362211
928,8.211605765959167
929,4.418843844717883
930,5.387806888449072
931,12.593377763629098
932,5.5110799738461145
933,5.604973843099484
934,5.91225391231027
935,7.792792188220697
936,4.918893239966216
937,4.80370841425331
938,8.003679166401295
939,6.215395611906878
940,10.427884567742721
941,6.59571137419097
942,7.360186388328799
943,8.853567161892387
944,4.615217478115422
945,5.525641221979345
946,4.922159907963617
947,9.99234086169373
948,14.328433633027101
949,6.9400181205500004
950,6.377888410617166
951,6.594344590806698
952,6.659177657795752
953,5.327382197050238
954,5.958739022048723
955,4.456531215006891
956,7.085401379602766
957,21.954811639047943
958,6.78588440081746
959,6.846371726388616
960,4.340704703570293
961,6.998457397023818
962,11.366847908099563
963,6.088490076854492
964,10.218288315293059
965,11.29622981338195
966,4.6639678029139375
967,6.0717431440675425
968,5.386768479403244
969,4.298644185568429
970,9.05144532446896
971,9.523604168175055
972,15.271556096041994
973,5.193483078201312
974,25.70880368674704
975,7.965102974533703
976,17.267543874018813
977,10.257628858872483
978,15.220158940915796
979,7.163222002835253
980,6.072071998021755
981,4.777829159079193
982,7.3198262889765315
983,5.494696204231681
984,12.156135683874362
985,7.062761946952718
986,38.07366867293016
987,6.4223468301581494
988,4.387302626004282
989,13.708013045686224
990,7.78920230264101
991,5.454830711879085
992,7.528976329595977
993,5.8963209659892835
994,7.5931871815830885
995,10.725907579599786
996,11.74716667537903
997,7.4173685823036
998,15.517347927193754
999,11.628770381935452
1000,4.891494853853036
1001,19.30261459823885
1002,16.788488173357223
1003,6.128232401218019
1004,7.770260052084188
1005,4.092037880015631
1006,7.188916377661086
1007,3.8213922950942525
1008,6.225930035203737
1009,8.808114930737938
1010,34.95335464781613
1011,10.153582034145998
1012,6.606504742716014
1013,4.406425211050182
1014,7.289666335634979
1015,4.75944591621875
1016,73.45999103072502
1017,7.982459046257431
1018,6.815824569012469
1019,4.105393374766026
1020,4.069569241841869
1021,5.125810770815888
1022,6.5437148572410315
1023,3.4858856911140284
1024,99.63689637279603
1025,11.550355606909783
1026,6.606131232197179
1027,5.95710570692653
1028,5.120483996426219
1029,4.637107594379129
1030,5.413489204474629
1031,5.091108373881639
1032,6.217893269054471
1033,8.485042881209745
1034,4.951071862273745
1035,6.752062705191878
1036,4.900405698627707
1037,6.795581576200715
1038,5.521829241566909
1039,15.172433532097251
1040,7.988914768390278
1041,4.1137944450960156
1042,3.7843904665018027
1043,3.6749790815093353
1044,13.09611615855157
1045,6.288939230656812
1046,6.297206210969633
1047,3.9125914453351194
1048,5.9965471927994285
1049,9.681608215304436
1050,13.413915925437164
1051,4.609117718449673
1052,7.0274682909143715
1053,5.4244698232513056
1054,6.405699556453185
1055,7.370883716789229
1056,99.1799403300504
1057,12.688135984610144
1058,10.537660829819659
1059,11.398416825378678
1060,9.811505262948588
1061,4.812822500069428
1062,24.761297956334793
1063,4.863888230323359
1064,6.997106728999412
1065,8.317540528765281
1066,7.1064352030645574
1067,6.0738761026503765
1068,4.9265820076163545
1069,91.44531135194934
1070,5.446457454959803
1071,5.583830426476852
1072,6.828531440804615
1073,5.4752048663251855
1074,4.63477826533348
1075,5.208388629186613
1076,12.784242886747494
1077,8.298789935935487
1078,5.281395574784852
1079,6.663501281788468
1080,4.834963527136536
1081,7.661825898525593
1082,7.389341413455148
1083,7.326188897252709
1084,11.710260535811573
1085,3.917565625501947
1086,10.525991223894616
1087,4.169972191002312
1088,16.150124194139426
1089,6.204097585522069
1090,6.409855523877555
1091,31.575403662462087
1092,4.379804721182522
1093,9.78153134779859
1094,6.077771611556665
1095,8.200690101469775
1096,6.370513373485255
1097,4.828638400867063
1098,6.200743853352414
1099,13.29208946415339
1100,5.772491351769736
1101,6.601233876189307
1102,12.369809833090512
1103,5.827540126241086
1104,5.026183437567226
1105,42.554678707476114
1106,4.035110405287213
1107,5.953093557038418
1108,11.794542057538594
1109,8.10587970931128
1110,9.87772174217031
1111,7.3292604238530865
1112,7.775622715550684
1113,5.0683980225657725
1114,4.4294864163183325
1115,13.255271292241684
1116,6.825223923506554
1117,29.49680745327273
1118,32.57964181446049
1119,8.344069527392104
1120,7.971551892903394
1121,4.071085890432687
1122,20.550711242141023
1123,19.945371598691196
1124,20.9421996366641
1125,12.89607965997489
1126,8.003733893238259
1127,6.420302993416455
1128,7.4454602559777925
1129,14.059192810813062
1130,7.174156785799428
1131,5.730387049956021
1132,6.951580556122922
1133,5.870130056142079
1134,8.347684670020703
1135,5.982167767268126
1136,4.141906687966363
1137,16.747301029956336
1138,5.49189332040323
1139,5.846641484487042
1140,5.381530190418898
1141,20.64430892337277
1142,5.666320907596274
1143,5.3692611106992745
1144,3.938740842318259
1145,11.152211855993784
1146,12.05572111332576
1147,28.764356273196608
1148,10.753919016408288
1149,9.16776208197844
1150,4.477996619450401
1151,8.909996259034697
1152,9.48754298284926
1153,5.161891805174516
1154,8.598735935686918
1155,7.855349865121642
1156,7.530647675649036
1157,8.18982597944254
1158,7.20031580093103
1159,3.940252538474064
1160,4.129509344755199
1161,8.004115154117116
1162,5.406625301644522
1163,5.494104687145322
1164,6.117076203469432
1165,8.548854941758513
1166,4.426332580989469
1167,6.766696756869278
1168,4.288013277605
1169,5.00393413232195
1170,4.012959387108069
1171,7.1321303428431335
1172,6.107026442722281
1173,4.272927899106344
1174,5.98354777700729
1175,5.152053845410196
1176,9.530342462295486
1177,4.807784187724765
1178,7.706501254603952
1179,8.850093973970386
1180,5.744317105520201
1181,4.510942283042748
1182,4.872630639963434
1183,5.745714068793144
1184,9.616979616739275
1185,6.6839295646698575
1186,5.458306534931787
1187,11.895694363287651
1188,8.839606580732115
1189,7.49213206094996
1190,16.495304923288128
1191,9.933446785365863
1192,6.831052880461219
1193,3.3922691214280896
1194,7.220614995969665
1195,4.281984029044447
1196,4.510664013111671
1197,11.042879029338252
1198,18.568069234935336
1199,5.000812157754567
1200,24.1686944676043
1201,6.4714400808129104
1202,7.313266066277444
1203,5.6996607752179065
1204,7.686826976132875
1205,5.299208954157836
1206,8.799835126281442
1207,3.8812800846977744
1208,8.002792561997849
1209,7.3408012856838765
1210,4.854186442994674
1211,4.079636231386385
1212,4.264347008839081
1213,5.271073428516425
1214,10.047248893095963
1215,5.835331417277393
1216,5.722148201688877
1217,9.063903127919755
1218,4.803727622175512
1219,3.9032065473747144
1220,5.249469724851569
1221,9.546077644506646
1222,24.694119803200675
1223,5.3064763642375015
1224,20.233852642669913
1225,6.380901515103926
1226,10.967633164220533
1227,5.727930387307771
1228,3.9732777039525087
1229,3.697213788629544
1230,4.887151330461367
1231,23.066492787195006
1232,7.997571683551927
1233,8.37877547761685
1234,9.303774736813407
1235,19.627823018403102
1236,14.91848597853712
1237,8.185756939791949
1238,8.67368931571263
1239,9.46177326955442
1240,9.683390305796937
1241,7.09711984043055
1242,8.748082546019516
1243,7.745564248762637
1244,1.0397727623708948
1245,92.24177490283702
1246,10.506187630366298
1247,11.146601812621766
1248,10.60875504805661
1249,9.497534979878363
1250,3.6165647819539286
1251,8.839116077494383
1252,8.205664969442461
1253,5.435715502750532
1254,5.446959965570772
1255,6.006948594310307
1256,4.497939800989812
1257,5.7250887745393415
1258,4.385828929097374
1259,5.3991428242778
1260,5.189341293528126
1261,6.826755524989778
1262,16.969508103832936
1263,13.42276030455698
1264,4.932355011927423
1265,5.544268539036034
1266,6.3687812484311
1267,19.538092824265604
1268,3.9345873205011648
1269,5.032777084962672
1270,8.485971687380339
1271,4.567440108198499
1272,4.1732622182054335
1273,8.73571436245529
1274,7.914437489570243
1275,33.44505706767138
1276,6.901160012416147
1277,5.493059531499135
1278,29.56805913953226
1279,7.180259390512754
1280,8.500962714764684
1281,8.415085110613298
1282,4.851330854726916
1283,16.696556022725108
1284,6.673295835755353
1285,6.0364247707606085
1286,5.655763974511004
1287,5.969949907871504
1288,6.328696411357007
1289,4.943235418121802
1290,8.321295660963122
1291,7.768699678638483
1292,4.747837841079474
1293,3.541833979726029
1294,10.852843561157739
1295,7.360515989283742
1296,6.263800602638783
1297,3.8976019251424807
1298,5.720643859758889
1299,4.609606298715014
1300,11.650544457315856
1301,4.152029881667231
1302,4.614179830970064
1303,7.911138479678721
1304,8.276491329336826
1305,5.535952783994068
1306,8.152887509701266
1307,5.33628485819464
1308,20.36259166534562
1309,10.554960250051142
1310,10.141316398429261
1311,6.557782265748743
1312,6.578436288792032
1313,6.546808526327449
1314,4.7388261722615965
1315,5.739013285679293
1316,4.7500528375953515
1317,15.997104333663232
1318,6.770253162581775
1319,4.8708380316749755
1320,5.265435739140193
1321,14.624491618427419
1322,98.31897489879665
1323,10.12651232831505
1324,4.76654673643221
1325,6.09116459422946
1326,16.3933327736065
1327,5.970654450464301
1328,17.60046018539238
1329,9.917588287559498
1330,6.679416143091073
1331,5.7530667055059235
1332,5.067057961540372
1333,5.0361577250618215
1334,11.077040969679745
1335,5.962250174285233
1336,11.136103727731781
1337,5.609145460132391
1338,7.364736664120904
1339,6.7344464609126575
1340,18.32513731961454
1341,4.83076026476481
1342,5.769126248788302
1343,6.22544404677397
1344,6.292434574023368
1345,6.8373698944481305
1346,3.7150254538440315
1347,6.2008196631082635
1348,4.894981122368403
1349,5.565659294699747
1350,7.893055231911204
1351,15.062568094037431
1352,9.95358691044035
1353,10.893684718359356
1354,25.830734330191117
1355,6.356487856056002
1356,7.324071008591019
1357,6.416019337035346
1358,4.435901771771447
1359,7.013257073035726
1360,4.443798115286996
1361,5.249019511592878
1362,5.372339980273352
1363,8.273875952615718
1364,7.934047669703227
1365,4.460674042334636
1366,12.699222624229893
1367,13.763637668852347
1368,6.989972876367775
1369,9.4401806891933
1370,4.0982706417238415
1371,6.707837842127223
1372,5.532353481862204
1373,8.901844173398542
1374,22.866160308910583
1375,5.596090182851366
1376,7.002826606049209
1377,6.27175854156001
1378,8.014967201028075
1379,8.634793077831775
1380,7.195132687995168
1381,7.522503532497153
1382,7.271158474373195
1383,7.567239233307805
1384,11.045935166256497
1385,5.417238428217429
1386,8.916098228145493
1387,9.276326495887103
1388,5.218243185815378
1389,5.790561179104283
1390,7.652047734143802
1391,4.974763579997029
1392,5.614776908639433
1393,6.411958055649737
1394,7.8885125988364795
1395,4.190511684136135
1396,5.47949856057439
1397,5.421555581646332
1398,4.834689670599287
1399,4.270052087112957
1400,25.519578480199698
1401,6.113278998895514
1402,5.3385185807185715
1403,6.347437450220356
1404,24.385019249238262
1405,4.4157926058512835
1406,10.361808004484118
1407,5.9625659259997965
1408,12.179850028051773
1409,6.734072538176422
1410,5.17094776786315
1411,6.078498513343332
1412,7.559676918514082
1413,4.327767171429131
1414,8.655577382139947
1415,6.735913632916532
1416,6.055754738916227
1417,13.979699945931268
1418,13.134021582940129
1419,15.729061072803963
1420,4.176909230605148
1421,7.5831264360546236
1422,7.842516348036467
1423,6.907607000496362
1424,4.524962997051593
1425,8.441460125983891
1426,10.930679742206598
1427,8.268462350719481
1428,4.932352402959183
1429,7.620266810145443
1430,5.852939774008319
1431,4.960194955884382
1432,8.201384308676136
1433,5.3105488472630045
1434,10.344554134596862
1435,4.353528007735565
1436,4.807561042943628
1437,4.653283467346586
1438,18.874325587823044
1439,4.402922153558262
1440,6.6831293992718
1441,5.649079078789185
1442,4.904829832388534
1443,6.5223621742462745
1444,4.475825342518911
1445,8.995103005462393
1446,6.465993872199094
1447,10.225011501666362
1448,6.3480093801997
1449,9.599138555524126
1450,5.1729621019299845
1451,5.353827291756942
1452,4.740125426663427
1453,8.631000503173704
1454,15.274265887269255
1455,4.238424411180845
1456,12.048244227628441
1457,13.435009453260545
1458,6.555978506565138
1459,9.016026633785376
1460,16.42350610190701
1461,8.715031849219708
1462,4.853679473578688
1463,7.76634466388234
1464,8.04794967636619
1465,10.781577684667752
1466,7.509501547776466
1467,12.49674163638675
1468,11.278784467650464
1469,5.9590785910451505
1470,5.178956640184783
1471,7.040859745633656
1472,5.554353404592416
1473,3.8618541368064205
1474,15.542483739688755
1475,11.887441674476817
1476,7.819234685010914
1477,5.373955109567928
1478,7.373860111480336
1479,9.154242687767672
1480,8.81025292225445
1481,4.604329415772289
1482,9.581508650204372
1483,5.213659869575498
1484,10.563296399611108
1485,12.324934969340127
1486,11.322083751620909
1487,7.573980993646561
1488,7.796459240706366
1489,4.847828994477002
1490,6.142586115032187
1491,5.9226842363316194
1492,33.32924481998268
1493,11.253568037430233
1494,6.370143546707331
1495,5.55616921887618
1496,7.760889054384464
1497,8.681835877546277
1498,5.167549894763832
1499,7.783868324752992
1500,5.178714765143924
1501,11.61713387569461
1502,13.07752512736573
1503,7.695381621367137
1504,4.479719018771909
1505,5.086043938155898
1506,9.253934466495004
1507,11.459395085969886
1508,9.675253596878834
1509,7.782160585493684
1510,6.37099572820636
1511,8.857089664155133
1512,8.797808171357316
1513,5.3259822595915685
1514,8.315736308530646
1515,15.216489512027819
1516,37.98039530871119
1517,5.361351117367679
1518,6.5859161014786896
1519,4.441871309965236
1520,4.1306971599979665
1521,10.825964537666952
1522,7.09411808402348
1523,7.334483056427216
1524,7.177979334327425
1525,6.934178381539226
1526,8.887376241906727
1527,16.381158684688057
1528,5.58320505357702
1529,15.653028888257033
1530,11.56193655572707
1531,5.84282479504546
1532,6.7472159883292715
1533,7.3949745489400485
1534,6.348461997878521
1535,3.9756181164195983
1536,5.11128256909083
1537,7.31392746327757
1538,7.989004532816442
1539,7.347098381195275
1540,6.280191726890504
1541,10.400804190161274
1542,6.261432010901952
1543,5.342449224628276
1544,5.153533006562334
1545,9.602492353166097
1546,9.210993787272091
1547,11.06924904806454
1548,4.14620714423376
1549,5.171356644964882
1550,4.677827003204068
1551,61.48797294353726
1552,4.860767802892743
1553,6.148139784114745
1554,4.926500873545706
1555,5.016003200898673
1556,10.410383060282244
1557,4.089033054262685
1558,10.050320325843165
1559,5.342834501876148
1560,5.773269424032226
1561,17.3776937318155
1562,23.511885350132697
1563,8.056824849170637
1564,6.9348753594091255
1565,5.895329696235216
1566,3.843334387434942
1567,5.817969870622991
1568,5.037225670953029
1569,10.01787848074977
1570,6.411428476185343
1571,11.179308720182492
1572,6.510147133900067
1573,4.633560663369468
1574,4.6929681100987235
1575,11.677123001371806
1576,4.2729953476069715
1577,18.959165992486618
1578,7.994520997838007
1579,4.5459843722263535
1580,7.335484887416914
1581,4.961578779850601
1582,4.774302017910859
1583,5.426288180176807
1584,6.055470381681829
1585,7.963626919837602
1586,6.180257908004665
1587,6.373438190464459
1588,10.78898331802776
1589,8.685514543516087
1590,14.665101781252943
1591,4.630652251907305
1592,10.505600427172295
1593,6.5606308292452855
1594,6.4025469984735235
1595,7.026998035684665
1596,7.476371451902046
1597,11.182659197212349
1598,14.545678930892041
1599,10.43911422991176
1600,14.311314846505349
1601,4.053648845124874
1602,13.246527369712854
1603,7.57050155414481
1604,11.71259293853373
1605,5.674479448549411
1606,4.881440531449785
1607,4.956608330502252
1608,10.805561124949339
1609,6.232664336361823
1610,9.834235380931391
1611,15.157099693989736
1612,27.1222962515131
1613,6.142005738776442
1614,4.382505735709089
1615,6.9532104279222695
1616,4.988449165543963
1617,4.74565012885883
1618,4.711202605519032
1619,8.416955266281764
1620,25.567048545086948
1621,6.403782673892022
1622,3.878544362301247
1623,6.619014745496518
1624,6.956905337880542
1625,7.2195049786230046
1626,29.577314073818016
1627,5.101431620661566
1628,7.6679259860577424
1629,6.869302462856041
1630,14.742031675285773
1631,9.566356921671881
1632,18.080329883834494
1633,4.259059614504557
1634,7.968658966283842
1635,8.422483721366216
1636,4.19705719749766
1637,24.066467964416606
1638,7.689887242762942
1639,16.450907187923466
1640,4.879747297046801
1641,4.69837554038234
1642,8.355542322045393
1643,24.62975101057373
1644,9.120476335173471
1645,7.207571910826432
1646,4.21697548120731
1647,6.354378774229013
1648,21.2631473651644
1649,25.45418485118595
1650,6.733235848068752
1651,16.94993478215263
1652,6.004444125268916
1653,4.570384561258193
1654,6.877249032431764
1655,8.123328233970781
1656,6.747462442461424
1657,7.880000427006742
1658,8.548458885609977
1659,5.025621417263809
1660,7.395057064349373
1661,7.521250288047372
1662,8.373904867893378
1663,6.272189097122389
1664,13.898731611828254
1665,4.086525165902131
1666,7.900508825684807
1667,6.791066448163307
1668,4.760215866134764
1669,7.583843784088582
1670,4.592367485274304
1671,5.205978857564998
1672,9.687440281018144
1673,9.755714871534039
1674,4.959021176830132
1675,13.934874909211779
1676,8.892573965232494
1677,3.9973018078032907
1678,7.079678862968432
1679,5.895969923945439
1680,9.48379790291004
1681,8.96037363896923
1682,6.729378234911549
1683,8.277259322777313
1684,6.370771726667177
1685,4.358590224574135
1686,8.246827190011887
1687,8.855337469512278
1688,7.019323141872561
1689,4.43477617137504
1690,9.843469640006955
1691,5.612729329802414
1692,5.613851755467737
1693,8.172408723090244
1694,27.46579657765349
1695,5.665806101200713
1696,6.54785349333425
1697,6.994269761619169
1698,10.475780905919782
1699,29.11329044242461
1700,6.953179379197812
1701,5.153204562353406
1702,5.941914613944848
1703,9.86078139848795
1704,23.39672717354178
1705,6.511847072109703
1706,8.718770898351469
1707,6.927021719622367
1708,9.310307310165097
1709,7.451164795542174
1710,43.571717889892064
1711,17.83807717007554
1712,5.405412822552405
1713,6.866390599402936
1714,4.509471797583189
1715,5.678607262908282
1716,8.6602528472764
1717,8.3167820652415
1718,4.202842295097012
1719,4.581388122833888
1720,4.030539346398743
1721,7.789933881887275
1722,8.673113645289924
1723,6.34070225564421
1724,33.52725507385634
1725,15.257154193246516
1726,8.688493537778402
1727,5.734447512074804
1728,4.48607427066028
1729,3.9657691436873295
1730,4.274790545565885
1731,51.86870456969974
1732,9.75062769059102
1733,8.205309949450394
1734,8.75299858034679
1735,8.24522788934487
1736,8.348411802198317
1737,20.381432035514276
1738,29.800893768701194
1739,6.490496552096017
1740,19.60626578084796
1741,10.537904742200812
1742,7.453848919979725
1743,9.570465033005128
1744,6.422110167621122
1745,6.551922778014728
1746,3.8926955699484047
1747,15.734106264775786
1748,8.362937318617904
1749,7.151283901500011
1750,3.4901969721327912
1751,8.780714599760843
1752,5.7915183843095175
1753,3.6609670159687586
1754,5.885916059016129
1755,9.543991901302624
1756,6.110742641639205
1757,10.637414573860255
1758,8.749017523957136
1759,5.948536094159335
1760,8.411361698368747
1761,7.661405804984856
1762,10.015742105047433
1763,5.844234224798331
1764,4.836964375731925
1765,9.355520687442604
1766,8.018375244642916
1767,4.292699934569661
1768,9.033873014745087
1769,3.667050134585937
1770,8.148999007584406
1771,5.961817590008197
1772,14.432348162169308
1773,6.3904569589827185
1774,16.328743011494186
1775,43.46735382829645
1776,5.871520897605172
1777,5.443262288225585
1778,17.44151156153045
1779,4.510529896731321
1780,7.4389432560464765
1781,4.6228793450931205
1782,4.789194955879817
1783,6.343422432613
1784,24.996726755867996
1785,17.66657685043828
1786,5.647420008691913
1787,5.512605233491991
1788,10.821996828838241
1789,4.885865976301234
1790,10.672195856911626
1791,41.063352849900674
1792,16.6762178002569
1793,6.557200458915891
1794,9.174648567845106
1795,4.906422995236076
1796,11.343570982152192
1797,5.08748378530609
1798,6.34146468550123
1799,5.487401525712335
1800,6.555138293418667
1801,9.468851355305171
1802,13.407628563112793
1803,12.811097309911988
1804,5.087505521813798
1805,8.403325689852267
1806,4.8546224726491625
1807,5.9464309314974395
1808,7.160632182661489
1809,5.737200851721587
1810,4.314453402519137
1811,4.302276022753177
1812,7.357298121537528
1813,14.337560154863372
1814,11.854864969995832
1815,6.608635927438747
1816,13.201165461858997
1817,6.241673116592815
1818,6.114485037826339
1819,8.497504453564567
1820,17.388485612602263
1821,12.808206534505
1822,17.537663588727952
1823,6.378693056572116
1824,10.277378141246931
1825,5.653368524708906
1826,9.81672617448936
1827,29.65970266111549
1828,5.550935472612623
1829,10.289727020213057
1830,7.394601933631623
1831,3.3564145715112046
1832,6.244500354750922
1833,4.051205007295453
1834,35.222803644743
1835,27.29652827856391
1836,7.2952085838979395
1837,5.696229813691574
1838,71.45126228737655
1839,14.912942583346943
1840,11.111278566529597
1841,6.823574516704801
1842,7.039841979324442
1843,15.627163977763018
1844,5.680417864670062
1845,6.358225707645162
1846,10.253039306639652
1847,7.088621400919522
1848,9.404213997256205
1849,17.250342456848
1850,12.952364320110012
1851,5.743834920196334
1852,16.012589251255374
1853,12.212116723565611
1854,12.975721318510654
1855,10.31703799207344
1856,23.944401560516965
1857,11.298124506848453
1858,7.104988685048173
1859,13.125479430069088
1860,9.7829251949439
1861,4.5960726365624
1862,7.949421360259552
1863,6.596799421058292
1864,8.13429237102694
1865,11.198682122405335
1866,11.335358929120867
1867,70.26279794440792
1868,8.034932585067207
1869,7.5010373498739575
1870,5.425094980862092
1871,3.8610001644547483
1872,14.826917059079195
1873,17.78652292574536
1874,8.167301982004687
1875,7.171358153446497
1876,14.09341383774249
1877,7.206012825348316
1878,5.022900927973059
1879,7.465446377409162
1880,8.986677413917732
1881,70.99755728720802
1882,51.23305883572794
1883,4.774686564826272
1884,6.448766446930743
1885,4.9089089491712254
1886,4.839159156724145
1887,7.3976518640020545
1888,11.056229257954312
1889,30.47434127472143
1890,30.00517252330382
1891,10.067253263400765
1892,8.783556797603019
1893,5.644836918504584
1894,4.367046624257506
1895,9.871700765567171
1896,10.662598984761457
1897,5.182186559409558
1898,9.713931111954004
1899,6.848071283427338
1900,4.118373209456009
1901,7.634679610084112
1902,7.213468046758697
1903,6.209834007256734
1904,6.245516483233688
1905,7.910278423782327
1906,6.62892478835618
1907,3.876988317697522
1908,11.774381233658353
1909,6.12089669754153
1910,10.71142085103946
1911,7.014817049336333
1912,33.20913749812186
1913,12.526635034303418
1914,24.81532739533843
1915,13.131257533165714
1916,12.176964819089424
1917,8.31798898676031
1918,6.079552737140049
1919,5.823447761943581
1920,5.435497777449159
1921,3.969848429247327
1922,7.888181812963984
1923,3.753628624072833
1924,41.12872157783697
1925,6.298357639948303
1926,10.501915602705955
1927,16.777028725054162
1928,8.511732939623627
1929,26.38240793592079
1930,5.420131376315877
1931,9.440238513763681
1932,19.489726192537088
1933,15.321351144310734
1934,9.781491449454041
1935,5.992198750106907
1936,9.369608088223805
1937,6.335283880305145
1938,8.79293206846082
1939,13.68154118950599
1940,96.45099228910075
1941,13.446388197557384
1942,11.958063809063026
1943,7.130031329929162
1944,10.04362219565677
1945,9.6360035050622
1946,12.103585509146606
1947,11.791083727281492
1948,5.934742060411569
1949,9.079937882371434
1950,19.28059973028729
1951,11.204372038484404
1952,5.141211178381337
1953,4.232352623258045
1954,52.992856564721706
1955,19.650356734528927
1956,23.397758281718804
1957,9.134334460545423
1958,6.9988793864096515
1959,9.460719841307272
1960,9.10131581349736
1961,6.37057070932296
1962,15.877600693802114
1963,3.6856766883016583
1964,7.197152604696883
1965,5.679491920061278
1966,11.6839382770291
1967,11.04822027534297
1968,17.3368391411581
1969,8.078481358665766
1970,7.913555953074829
1971,14.479477674094277
1972,6.537048335662288
1973,6.144226196706457
1974,9.922998993992099
1975,8.170145956849169
1976,8.536096148064884
1977,5.137909437007678
1978,10.886001253611596
1979,4.476185631358337
1980,6.4486015845606355
1981,8.756922080200788
1982,4.523938613455185
1983,12.56922858279813
1984,6.583273729408638
1985,9.786714275849535
1986,8.63376314262237
1987,8.01562748036634
1988,18.091779184595282
1989,6.004797126415653
1990,22.63272131285587
1991,7.694699654370336
1992,6.563421770879112
1993,12.333133633961113
1994,8.498162155467488
1995,10.813212913133853
1996,8.457842338553345
1997,8.212779597053792
1998,7.637168913793965
1999,7.2633906529032775
2000,13.38341850771347
2001,7.1514393318691365
2002,6.8433526572012635
2003,8.162501101589527
2004,7.277315590521699
2005,5.393967021661449
2006,8.162166038185203
2007,5.53303479756173
2008,10.324675898704632
2009,8.361698878775183
2010,12.483810249519223
2011,5.824355755428169
2012,10.583598103491639
2013,16.265840574167605
2014,5.653146659670139
2015,9.84431765467179
2016,7.2102630024202625
2017,52.764313163315094
2018,6.174256085468083
2019,8.000315402976623
2020,8.392959853350005
2021,11.780225703592764
2022,10.055524925636696
2023,9.403334075565784
2024,4.4099430794870775
2025,15.67311890513523
2026,9.959228893244948
2027,6.988183765394843
2028,9.441234526805829
2029,3.9736378837545407
2030,8.23666715368812
2031,7.277180183523553
2032,7.85620438793677
2033,5.110417269533045
2034,12.439490911176154
2035,12.253534833678764
2036,6.772576305931304
2037,12.55193903004807
2038,6.292885171751251
2039,9.651410935262891
2040,4.521501473686724
2041,6.7577690161003146
2042,19.968696170704032
2043,6.379296996557794
2044,6.018796546703084
2045,12.664142396664916
2046,8.064746656903889
2047,4.937868981792268
2048,5.578941203086793
2049,7.914655983397181
2050,10.350303575159224
2051,4.355506062800264
2052,14.798847757133144
2053,30.318248377255312
2054,6.856022969787726
2055,4.118877919923805
2056,8.132993180247272
2057,6.887504470170538
2058,5.791810456334925
2059,13.530497337901423
2060,11.455836746738262
2061,6.829010321476964
2062,17.035751349285874
2063,6.268270367249946
2064,9.2943268148331
2065,9.905735772675442
2066,4.75442633296744
2067,11.369044692234267
2068,9.654199188020062
2069,7.380898260987661
2070,21.78115728075887
2071,7.8804958768235895
2072,1.0364231948622091
2073,4.604696699478137
2074,10.482808766748269
2075,6.989162914769457
2076,90.41699549766528
2077,3.6238690753607217
2078,7.076051428868325
2079,6.059531470921248
2080,11.049709282294948
2081,6.326704455701123
2082,9.480351436445796
2083,9.649595636989423
2084,3.2759069472908546
2085,8.50618922117204
2086,11.783012316311769
2087,10.51409980523986
2088,16.76186305606364
2089,31.171914255553023
2090,8.626240370265554
2091,6.380777749281517
2092,8.630743364344177
2093,5.995223082702376
2094,44.04942613604696
2095,5.768560881387538
2096,6.396617447165619
2097,6.0772296132267964
2098,12.76590801142291
2099,24.36543266042222
2100,11.545103954969763
2101,5.71125259424402
2102,31.972663704503976
2103,10.259749531525392
2104,13.770476384332017
2105,8.821674022926539
2106,5.456796210188456
2107,9.284315046543144
2108,13.992704483835235
2109,13.421437798281993
2110,9.786941663377988
2111,7.224890503596402
2112,7.998394029948971
2113,6.251557558018802
2114,8.045265283162074
2115,15.671731558908206
2116,17.002096259612774
2117,18.61080929385831
2118,7.365499570835693
2119,32.05775797003043
2120,7.331547079443683
2121,6.770127445280548
2122,15.160694490263497
2123,17.06647479116259
2124,8.456780228945956
2125,8.44838280761426
2126,3.8732010661324203
2127,21.655200744251946
2128,16.922327646988265
2129,6.319743319836458
2130,8.880841799470709
2131,7.725035597522683
2132,8.083796284815568
2133,6.332982335377926
2134,7.2237392117887484
2135,30.74845255105355
2136,12.706301404372816
2137,9.232779009658417
2138,7.724770190810059
2139,9.737372780261191
2140,6.52112669888158
2141,15.463454489997835
2142,9.203390530309258
2143,13.786858131850348
2144,5.6268335039647575
2145,20.976164709167954
2146,10.484660957542546
2147,8.764181310947741
2148,11.16221545575585
2149,5.955915916043588
2150,7.775834997455207
2151,6.379143129299475
2152,16.15923967067134
2153,8.966830277278348
2154,10.14454720501456
2155,10.810841190178865
2156,13.449024145085147
2157,29.903950216636225
2158,9.816773813807522
2159,7.318292612166816
2160,17.77762993351809
2161,7.030513030266472
2162,6.530952658290297
2163,6.9124110000244885
2164,8.299135322106126
2165,8.282528600007598
2166,9.086148610252112
2167,7.63096953990666
2168,15.763365300133271
2169,7.42957641256093
2170,6.888066460296847
2171,12.09962050159696
2172,5.728582136950289
2173,11.641276906843366
2174,6.726920649495449
2175,10.153079675194322
2176,26.457236270230833
2177,4.981862525733913
2178,6.58957153310391
2179,11.475128408834868
2180,5.423380788629144
2181,1.0304897344592747
2182,7.193850792931953
2183,7.322639264331506
2184,12.533460689165512
2185,5.225760725484078
2186,14.325204111848793
2187,18.44179799072111
2188,17.303943667182473
2189,10.96843000025061
2190,4.760682401500803
2191,4.953564368278749
2192,9.385358682815436
2193,15.635624046019416
2194,6.320698360372096
2195,30.579362187046076
2196,6.708351947788984
2197,27.260175123847404
2198,8.323314242497041
2199,10.772837635210863
2200,10.05325926840879
2201,14.861827849465392
2202,15.143468143833557
2203,8.569486812424948
2204,16.975354048112017
2205,8.374153506428367
2206,6.424444235799579
2207,7.378516002958461
2208,46.48177118524079
2209,5.034757631191816
2210,24.024184188022662
2211,11.820899919685175
2212,12.406839154047303
2213,4.794538792264753
2214,8.985365642461574
2215,13.405123319299648
2216,22.361169551320952
2217,6.169638170460154
2218,5.442335491952159
2219,10.593204690680631
2220,9.795275218074408
2221,8.675952316596542
2222,3.409064381313199
2223,42.733667026908954
2224,6.776743703424979
2225,6.538148658511394
2226,10.043660165232097
2227,9.154892024033284
2228,9.37061240263634
2229,11.232418448502736
2230,12.027386613244213
2231,8.373458623357218
2232,10.92256984627346
2233,8.422125923355416
2234,13.608734382199302
2235,11.537504904415712
2236,20.981156061023402
2237,20.840734122638665
2238,14.052663146740572
2239,4.8391698359513935
2240,10.95638537990318
2241,6.922443338086949
2242,9.441360981383067
2243,14.962406472654447
2244,7.626789093343141
2245,8.41692408212625
2246,7.955904221710868
2247,8.537623976709504
2248,5.387925571764928
2249,4.802240900825351
2250,9.27790113484964
2251,5.060160378964482
2252,12.80309902223865
2253,21.540834520662074
2254,12.266297270186884
2255,6.689141510966582
2256,29.162408125395658
2257,5.440739632305792
2258,4.802789789821791
2259,12.243605831504572
2260,9.46401381886241
2261,7.951300707922609
2262,8.377842110615108
2263,13.080588974475019
2264,7.516644339544522
2265,8.720432478821998
2266,14.505636615026521
2267,22.582492783956674
2268,20.086688116380973
2269,22.508195717042906
2270,11.665586482781155
2271,7.924895833704541
2272,30.15653905889442
2273,12.39268916899102
2274,9.152691762683343
2275,6.33876053927246
2276,8.418754949626907
2277,9.971953339600574
2278,5.792289441979028
2279,6.642788201285082
2280,58.08168306487646
2281,6.3194907867823105
2282,9.347036518950842
2283,10.842042243492779
2284,6.630940942911252
2285,8.93638809597967
2286,16.334596684973636
2287,8.25986132526491
2288,8.671836355506745
2289,11.41401688898072
2290,10.107785167046496
2291,10.456978025373855
2292,7.305849601824716
2293,9.637862014860591
2294,7.614380460009835
2295,7.228414116065546
2296,8.956465615840457
2297,8.751515908410807
2298,10.761497617077895
2299,7.270216987943708
2300,5.320705104611945
2301,26.174788293794347
2302,8.436025267951045
2303,16.92351037571102
2304,22.957241019559564
2305,15.83209016147409
2306,7.5906092818242215
2307,7.772411937751068
2308,32.80330797420489
2309,8.802298549093642
2310,17.320057048672993
2311,7.064134205275921
2312,3.9748014198155412
2313,3.9365048539772682
2314,27.31258534123374
2315,7.843584682801777
2316,6.423071670762696
2317,13.345630667504564
2318,5.818851975402157
2319,7.546180943728702
2320,69.37520656213782
2321,6.383606399561354
2322,7.758435361547208
2323,4.972794005508949
2324,5.953838633819374
2325,7.274407046588353
2326,5.921878671800349
2327,6.523456634347796
2328,8.137151506247443
2329,5.949324897644619
2330,6.804192039719835
2331,4.300475300465283
2332,8.816909368363284
2333,9.661345697340728
2334,6.646647211033837
2335,6.130675226497119
2336,7.207162868918392
2337,7.175694153826264
2338,7.406233648434682
2339,9.683404631452829
2340,5.088549894368076
2341,9.942535775069867
2342,7.343350378005266
2343,14.605875948323128
2344,12.978162534163495
2345,4.657808654095344
2346,8.88919376178414
2347,7.693503584185778
2348,19.861053295572695
2349,15.321052698794485
2350,5.533731300158599
2351,14.793927092097343
2352,19.54080364656664
2353,8.408682254824933
2354,9.974129785229945
2355,9.287620137781866
2356,6.935487946383891
2357,3.5053957949064394
2358,8.459077837537272
2359,15.912832254693695
2360,5.137511030493707
2361,7.976211505600327
2362,7.983276024636971
2363,6.6248300062394065
2364,7.671669136266361
2365,6.550547933022041
2366,9.780620054044862
2367,7.619091870612867
2368,10.860673027142749
2369,61.82645196851924
2370,9.346707171525335
2371,10.084518866095593
2372,9.079884197196565
2373,4.980926915214069
2374,30.6402002290667
2375,29.24054606917154
2376,7.05946602282657
2377,4.116018108325633
2378,5.910423780340687
2379,8.912780924916303
2380,3.9888554902463964
2381,9.759004255277013
2382,7.584848604250621
2383,10.728476131992677
2384,4.266808911696076
2385,18.39289190726066
2386,24.271212427229027
2387,5.876416339789343
2388,5.716810798437093
2389,10.232445811256808
2390,6.661536192463911
2391,12.292101040863797
2392,17.919331507737827
2393,16.50498549508072
2394,8.071402111302904
2395,19.783358117108808
2396,7.79375154578227
2397,5.458074057338545
2398,12.108087558866469
2399,14.881591421164728
2400,4.122421370938887
2401,7.940593418521162
2402,4.296707245012732
2403,5.612774180691892
2404,9.715590563425694
2405,10.717519046166844
2406,13.08426348099848
2407,10.169914939653635
2408,8.68360242768171
2409,6.549609460305954
2410,5.512823772265894
2411,48.809796865947455
2412,14.320863551163093
2413,6.765437839351985
2414,14.383290681021192
2415,6.771980636545824
2416,6.468421380041196
2417,10.521521626400894
2418,8.848779943912474
2419,9.17924564949199
2420,4.296780069417797
2421,96.17488948037169
2422,9.455008821143522
2423,8.452519715226945
2424,9.577069042108455
2425,11.14499902600137
2426,29.457321368852313
2427,8.842834460475386
2428,19.895493876132353
2429,14.340835231652903
2430,7.472864826485369
2431,7.821770145632368
2432,19.37767980497433
2433,5.4013928604270385
2434,13.046409708855213
2435,11.18929429926178
2436,4.48926362926441
2437,5.680630396349147
2438,9.906097884789093
2439,27.855551668530175
2440,7.003039475392109
2441,4.48990365416777
2442,8.17359182651239
2443,6.071715795763612
2444,9.952869157863883
2445,6.360841747467399
2446,5.534212932549368
2447,6.048186121580632
2448,10.814119942754633
2449,5.332205602804623
2450,19.740360125030747
2451,7.258331469728411
2452,36.424608336556474
2453,8.669118139696423
2454,6.755105583367244
2455,9.708161109201253
2456,10.984589612274808
2457,11.919587106924501
2458,63.302597379612536
2459,30.87581290979025
2460,17.35175156982627
2461,8.115177786197352
2462,7.795886783588071
2463,26.7193953075118
2464,12.030605703753318
2465,3.4003149627925424
2466,12.067022544190227
2467,8.39914776468703
2468,7.45040751225291
2469,11.904590943765568
2470,10.516659965579091
2471,9.747293806435446
2472,8.317209497601583
2473,6.67347765014335
2474,19.35681980230814
2475,10.366499318710797
2476,9.959758791582495
2477,6.519657563316372
2478,22.835992187802827
2479,14.303595423302713
2480,5.222392785014165
2481,24.422367163367166
2482,5.555488773946757
2483,12.317627995359285
2484,6.594481726532313
2485,6.824381441776417
2486,14.035157344501572
2487,10.050378051862788
2488,7.904664079032629
2489,13.930540047708897
2490,5.229453290563242
2491,10.887019906824985
2492,31.847284378973793
2493,13.64452933713177
2494,9.009803720879573
2495,5.036176888254115
2496,3.756078153890683
2497,10.751136922892538
2498,9.31391424353545
2499,7.791499156734951
2500,7.897383419758161
2501,13.484877163796869
2502,11.71933698305331
2503,18.49674716814969
2504,8.494106747300686
2505,6.7508099780168696
2506,8.999904584485423
2507,15.57722070525377
2508,18.64259476246305
2509,11.737576061113698
2510,6.239689268169876
2511,5.703864220909363
2512,6.3463217318057215
2513,4.262462293979067
2514,9.56781144180555
2515,6.297023224494797
2516,8.677037916174687
2517,7.372271067783349
2518,12.870347768694975
2519,8.776414086852675
2520,16.398694788541317
2521,4.293494617950916
2522,9.323881773318288
2523,7.0895531376862175
2524,10.504113062227368
2525,8.983432176259283
2526,11.020745822984786
2527,13.906141687898463
2528,9.80081126925677
2529,8.856768300991707
2530,10.410812263897153
2531,20.567072241605242
2532,11.257369033358385
2533,25.415192237767997
2534,7.603330959751236
2535,41.89154806407328
2536,9.011320768736804
2537,8.442608454160636
2538,17.838654093022857
2539,21.248036357233577
2540,4.639655841477443
2541,10.857298836984318
2542,8.422570039621657
2543,5.73081431686268
2544,7.561205015968653
2545,14.299260329698177
2546,17.993482324629497
2547,7.950278291756711
2548,11.423645850441714
2549,7.925933459493524
2550,7.938485853805631
2551,22.27873556973937
2552,15.240396539552863
2553,7.608964346755362
2554,6.449935984621715
2555,23.6138342849953
2556,17.391996863998113
2557,12.699559394177967
2558,17.539786653043855
2559,4.875924432262242
2560,24.072943027467826
2561,4.99892466672195
2562,10.499681375215141
2563,4.807443323331391
2564,21.727965418205713
2565,7.458301284337639
2566,11.605631284955734
2567,12.440527160327132
2568,24.82840572115497
2569,4.925800933873631
2570,9.069087362609245
2571,6.46119524045917
2572,13.367101058834335
2573,8.768644463897495
2574,10.330341637382503
2575,17.952068075813706
2576,9.500796752241769
2577,12.460252932245895
2578,6.950697511319399
2579,9.500627361467606
2580,9.493703611396667
2581,6.327769049020571
2582,9.065053032043044
2583,16.629750568178856
2584,14.510841723075648
2585,7.185859637951359
2586,8.879159659545463
2587,12.42255157281622
2588,8.147855197081249
2589,7.575959362126842
2590,18.498455640465885
2591,15.647263894802967
2592,7.127881784037063
2593,7.399857960861705
2594,8.696811492984356
2595,5.143879533132393
2596,9.746242393571553
2597,6.983363712058441
2598,9.71567641393556
2599,7.530860806167947
2600,8.081897407373553
2601,19.812655905862286
2602,9.134972689171667
2603,10.295406045486407
2604,6.5382805336318945
2605,12.929331069820224
2606,12.762327026254036
2607,5.667430273575301
2608,11.08608342237707
2609,8.251294899014232
2610,5.886760141815999
2611,14.627157176549543
2612,7.598098345186468
2613,8.480757730012206
2614,10.710010179632034
2615,7.499431586109635
2616,11.788712772976753
2617,5.620504204107272
2618,11.047512431155251
2619,11.57888156192909
2620,9.183842018616595
2621,14.281590857926465
2622,8.41214970935222
2623,5.04606107302514
2624,9.086260056573911
2625,5.3305595684092735
2626,18.00931807410863
2627,9.264599802047679
2628,7.924656620210784
2629,60.613639030523636
2630,6.56430061281464
2631,13.526423615329696
2632,26.050046576192535
2633,96.88776398136056
2634,10.132303640384315
2635,7.024583170276997
2636,8.865381724524385
2637,14.525451597073207
2638,10.957886380407714
2639,6.222041840971059
2640,6.9764285560925385
2641,25.319729369562346
2642,6.005928261624172
2643,7.385662066520381
2644,89.70591493780066
2645,9.701871614699135
2646,44.6647869156353
2647,10.299922264083307
2648,19.452821111724308
2649,9.106999191951022
2650,6.7470390593313825
2651,4.091060809165609
2652,29.48807945781235
2653,5.81876738877482
2654,7.503444931065298
2655,6.150264314145604
2656,5.7313409651500935
2657,12.637060375190481
2658,13.676370082961299
2659,6.772338519382652
2660,7.674957284629418
2661,6.462017845393804
2662,11.628018664371947
2663,8.8540670907044
2664,9.393178740824341
2665,12.932370126676808
2666,5.497885460635785
2667,5.891575611505925
2668,6.903296952620099
2669,12.796676014878159
2670,24.773323729535814
2671,37.756647371535955
2672,9.691659549682502
2673,10.473589942241672
2674,8.491378740524068
2675,17.319794528645357
2676,17.874997168417302
2677,8.122646680097347
2678,8.091287955730396
2679,9.428814257088327
2680,5.945395632850329
2681,10.66626934868708
2682,16.815123760722564
2683,8.995224543513446
2684,14.739473866608126
2685,9.104842289846257
2686,13.126797485974741
2687,15.599606238992028
2688,7.377539582704984
2689,7.865619454715021
2690,15.382447917099721
2691,14.47033225506735
2692,7.105789993116517
2693,7.592910327074353
2694,7.853327962555326
2695,9.588972614920305
2696,9.16094492176568
2697,7.7634592551534425
2698,11.4466827599744
2699,5.6591226028633175
2700,8.970786723792905
2701,21.888628567936212
2702,7.835693139641165
2703,8.649161485758848
2704,44.29145643693445
2705,24.97038011777398
2706,5.542506876584302
2707,7.180691454218101
2708,31.23997910312028
2709,63.88874238504717
2710,13.24460518924014
2711,11.364494375531521
2712,7.697784593043868
2713,8.38929634050941
2714,8.760133915726676
2715,12.819020828745469
2716,33.31847272694882
2717,6.2819644389662095
2718,22.240747309126107
2719,9.664185133230076
2720,11.52543839486645
2721,5.546944388312551
2722,22.966056208623492
2723,7.490747798424646
2724,4.785337954368646
2725,4.715246089142976
2726,16.17691221782498
2727,11.447462182028044
2728,9.595613535384782
2729,3.759846833981756
2730,6.132738345956228
2731,18.364462397236053
2732,4.897787107539696
2733,7.923736756577625
2734,40.38539172997626
2735,51.667996899573346
2736,9.161539706592038
2737,10.429809094398063
2738,9.119264101653018
2739,5.158595544912812
2740,9.580574878774993
2741,5.2128982766793115
2742,23.80478846027229
2743,7.064474381995075
2744,9.329021367199624
2745,74.32675176868355
2746,4.040160833283302
2747,8.16363980029897
2748,21.506912807671593
2749,5.173229294038532
2750,5.453498406714756
2751,15.460470768864711
2752,6.198079789269467
2753,9.706985102845898
2754,4.556701872309258
2755,16.299734827018252
2756,7.296585909985561
2757,7.711254089886701
2758,9.747790039250386
2759,8.298267641761079
2760,15.832989057450074
2761,9.776485364006287
2762,24.564785807834088
2763,7.202278046912968
2764,10.738990411210679
2765,7.5627891832418275
2766,32.997254666275744
2767,6.672303890219654
2768,7.320843922553982
2769,8.076815937672214
2770,6.6705804286183366
2771,7.357709034597173
2772,10.995063177210737
2773,9.300426889419434
2774,10.27830101794569
2775,7.437835824456884
2776,12.16707896453786
2777,7.8234110725586845
2778,11.219820166113465
2779,8.88429410009538
2780,8.156217347329228
2781,11.52333550211573
2782,6.701645293863386
2783,15.352340825773986
2784,6.852850648168132
2785,13.294983657378081
2786,39.883620624533705
2787,10.720047134344629
2788,6.625655222699461
2789,21.33474285603018
2790,7.5709194788067995
2791,9.750021745685663
2792,8.238904996306152
2793,16.41525306118959
2794,5.987852130090948
2795,9.043139657591999
2796,10.91895011255577
2797,22.01795774874093
2798,11.198818872597254
2799,5.877239878791767
2800,5.37420805796201
2801,22.484887062543017
2802,7.298185408075541
2803,7.372871305721191
2804,8.881758288348422
2805,13.024360004264558
2806,9.631266362814676
2807,7.827509762435307
2808,26.37520087234763
2809,8.777523503215876
2810,12.03425517180524
2811,5.622501279722662
2812,11.181141279966997
2813,11.374977189082792
2814,14.173359146055043
2815,26.852637289516665
2816,39.97739563811686
2817,8.04607749602383
2818,8.668808210971898
2819,95.50272278199837
2820,5.866124266381123
2821,8.28294151215014
2822,13.05387406054395
2823,14.495546697152959
2824,9.091132521493392
2825,6.707093168756244
2826,14.533198909225039
2827,13.648928878871043
2828,6.939152591607552
2829,8.096158569303952
2830,11.057301477180475
2831,5.395997736183921
2832,11.776818233910419
2833,9.315189342829626
2834,19.73986815222377
2835,7.1329032527999106
2836,12.996200084692472
2837,8.428639463553765
2838,7.993989241968968
2839,8.616127534241192
2840,3.981117475906993
2841,10.333574857090142
2842,18.774281286014077
2843,10.868483257296237
2844,17.539853734159497
2845,8.010714725704842
2846,5.758371701851826
2847,24.909644259439382
2848,5.229999550831904
2849,10.809109435276135
2850,13.564346519586888
2851,27.33220006621855
2987,17.455926653085633
2988,11.045081572227128
2989,11.201210525734078
2990,5.815873829425372
2991,22.630767979326073
2992,7.630240909333089
2993,16.182883788916577
2994,8.788733149237792
2995,8.275346199180676
2996,7.129521534155339
2997,14.300071215369915
2998,8.850888472846114
2999,17.30116859004843
3000,6.858258216200161
3001,9.699467785789897
3002,8.585399283731368
3003,9.445097082524322
3004,6.137155751467912
3005,11.658118333977917
3006,12.19846352616673
3007,7.632154631332208
3008,21.036858985274844
3009,13.314636323531555
3010,12.517771637362094
3011,5.236473416373141
3012,5.1289980157993
3013,4.4809602500820205
